    0.76       0.204
    1.52       0.401
    2.25       0.592
    2.97       0.777
    3.68       0.957
    4.38       1.130
    5.06       1.299
    5.73       1.462
    6.39       1.619
    7.04       1.772
    7.68       1.919
    8.31       2.062
    8.93       2.200
    9.54       2.334
   10.14       2.463
   10.73       2.587
   11.31       2.708
   11.88       2.824
   12.45       2.936
   13.00       3.044
   13.55       3.148
   14.09       3.248
   14.63       3.345
   15.16       3.437
   15.68       3.526
   16.19       3.612
   16.69       3.694
   17.20       3.772
   17.69       3.847
   18.18       3.919
   18.66       3.987
   19.13       4.052
   19.60       4.114
   20.07       4.173
   20.53       4.228
   20.98       4.281
   21.43       4.330
   21.88       4.376
   22.31       4.420
   22.75       4.460
   23.18       4.498
   23.60       4.533
   24.02       4.565
   24.44       4.594
   24.85       4.621
   25.26       4.645
   25.66       4.666
   26.06       4.684
   26.46       4.700
   26.85       4.714
   27.24       4.724
   27.62       4.732
   28.00       4.738
   28.38       4.741
   28.75       4.742
   29.12       4.740
   29.49       4.736
   29.85       4.729
   30.21       4.720
   30.57       4.709
   30.92       4.695
   31.27       4.679
   31.62       4.661
   31.96       4.640
   32.30       4.617
   32.64       4.592
   32.98       4.565
   33.31       4.535
   33.64       4.504
   33.97       4.470
   34.29       4.434
   34.61       4.395
   34.93       4.355
   35.25       4.313
   35.56       4.268
   35.88       4.221
   36.18       4.173
   36.49       4.122
   36.80       4.069
   37.10       4.014
   37.40       3.957
   37.70       3.898
   37.99       3.837
   38.28       3.774
   38.58       3.709
   38.86       3.642
   39.15       3.574
   39.44       3.503
   39.72       3.430
   40.00       3.356
   40.28       3.279
   40.55       3.201
   40.83       3.120
   41.10       3.038
   41.37       2.954
   41.64       2.868
   41.91       2.781
   42.17       2.691
   42.43       2.600
   42.69       2.507
   42.95       2.412
   43.21       2.315
   43.47       2.216
   43.72       2.116
   43.97       2.014
   44.22       1.910
   44.47       1.805
   44.72       1.697
   44.97       1.588
   45.21       1.478
   45.45       1.365
   45.69       1.251
   45.93       1.135
   46.17       1.018
   46.41       0.899
   46.64       0.778
   46.87       0.655
   47.10       0.531
   47.33       0.405
   47.56       0.278
   47.79       0.149
   48.01       0.019
   48.24      -0.114
