    0.69       0.395
    1.36       0.779
    2.02       1.154
    2.67       1.520
    3.30       1.876
    3.93       2.224
    4.54       2.563
    5.14       2.894
    5.73       3.216
    6.32       3.531
    6.89       3.839
    7.45       4.139
    8.01       4.431
    8.56       4.717
    9.09       4.996
    9.62       5.269
   10.15       5.535
   10.66       5.795
   11.17       6.048
   11.67       6.296
   12.16       6.538
   12.65       6.774
   13.13       7.004
   13.60       7.229
   14.07       7.449
   14.53       7.663
   14.99       7.873
   15.44       8.077
   15.88       8.276
   16.32       8.471
   16.76       8.660
   17.19       8.845
   17.61       9.026
   18.03       9.202
   18.44       9.374
   18.85       9.541
   19.26       9.704
   19.66       9.862
   20.06      10.017
   20.45      10.168
   20.84      10.314
   21.22      10.457
   21.60      10.595
   21.98      10.730
   22.35      10.861
   22.72      10.989
   23.09      11.112
   23.45      11.232
   23.81      11.349
   24.17      11.462
   24.52      11.571
   24.87      11.677
   25.21      11.780
   25.56      11.879
   25.90      11.975
   26.23      12.068
   26.57      12.157
   26.90      12.243
   27.23      12.326
   27.55      12.406
   27.87      12.483
   28.19      12.557
   28.51      12.627
   28.83      12.695
   29.14      12.760
   29.45      12.821
   29.76      12.880
   30.06      12.936
   30.36      12.989
   30.66      13.039
   30.96      13.087
   31.26      13.131
   31.55      13.173
   31.84      13.212
   32.13      13.248
   32.42      13.282
   32.71      13.313
   32.99      13.341
   33.27      13.366
   33.55      13.389
   33.83      13.410
   34.10      13.427
   34.38      13.443
   34.65      13.455
   34.92      13.465
   35.18      13.473
   35.45      13.478
   35.72      13.481
   35.98      13.481
   36.24      13.479
   36.50      13.474
   36.76      13.467
   37.01      13.457
   37.27      13.445
   37.52      13.431
   37.77      13.415
   38.02      13.396
   38.27      13.374
   38.51      13.351
   38.76      13.325
   39.00      13.297
   39.24      13.266
   39.48      13.233
   39.72      13.199
   39.96      13.161
   40.20      13.122
   40.43      13.080
   40.66      13.036
   40.90      12.990
   41.13      12.942
   41.36      12.892
   41.58      12.839
   41.81      12.785
   42.04      12.728
   42.26      12.669
   42.48      12.608
   42.70      12.545
   42.92      12.480
   43.14      12.413
   43.36      12.343
   43.58      12.272
   43.79      12.199
   44.01      12.123
   44.22      12.046
   44.43      11.966
   44.64      11.885
   44.85      11.801
   45.06      11.716
   45.26      11.629
   45.47      11.539
   45.67      11.448
   45.88      11.355
   46.08      11.260
   46.28      11.163
   46.48      11.064
   46.68      10.963
   46.88      10.860
   47.07      10.755
   47.27      10.649
   47.46      10.541
   47.66      10.430
   47.85      10.318
   48.04      10.205
   48.23      10.089
   48.42       9.972
   48.61       9.852
   48.79       9.731
   48.98       9.609
   49.16       9.484
   49.35       9.358
   49.53       9.230
   49.71       9.100
   49.89       8.968
   50.07       8.835
   50.25       8.700
   50.43       8.564
   50.61       8.425
   50.78       8.286
   50.96       8.144
   51.13       8.001
   51.30       7.856
   51.48       7.709
   51.65       7.561
   51.82       7.411
   51.98       7.260
   52.15       7.107
   52.32       6.953
   52.49       6.797
   52.65       6.639
   52.82       6.480
   52.98       6.319
   53.14       6.157
   53.30       5.993
   53.46       5.828
   53.62       5.661
   53.78       5.493
   53.94       5.323
   54.10       5.152
   54.25       4.979
   54.41       4.805
   54.56       4.630
   54.71       4.453
   54.87       4.275
   55.02       4.095
   55.17       3.914
   55.32       3.731
   55.47       3.548
   55.61       3.362
   55.76       3.176
   55.91       2.988
   56.05       2.799
   56.20       2.608
   56.34       2.416
   56.48       2.223
   56.62       2.029
   56.77       1.833
   56.91       1.636
   57.04       1.438
   57.18       1.239
   57.32       1.038
   57.46       0.836
   57.59       0.633
   57.73       0.428
   57.86       0.223
   58.00       0.016
   58.13      -0.192
