    0.56       0.559
    1.11       1.104
    1.65       1.637
    2.18       2.157
    2.70       2.666
    3.21       3.163
    3.71       3.649
    4.20       4.124
    4.68       4.588
    5.16       5.043
    5.63       5.487
    6.09       5.923
    6.54       6.349
    6.99       6.766
    7.43       7.174
    7.86       7.574
    8.29       7.965
    8.71       8.349
    9.12       8.724
    9.53       9.093
    9.94       9.453
   10.34       9.807
   10.73      10.153
   11.12      10.492
   11.50      10.825
   11.88      11.151
   12.25      11.470
   12.62      11.784
   12.99      12.091
   13.35      12.392
   13.70      12.687
   14.05      12.976
   14.40      13.260
   14.75      13.537
   15.09      13.810
   15.42      14.077
   15.76      14.339
   16.09      14.595
   16.41      14.847
   16.74      15.094
   17.06      15.335
   17.37      15.572
   17.69      15.804
   18.00      16.031
   18.31      16.254
   18.61      16.472
   18.91      16.686
   19.21      16.895
   19.51      17.100
   19.80      17.301
   20.09      17.497
   20.38      17.690
   20.67      17.878
   20.95      18.062
   21.23      18.242
   21.51      18.419
   21.79      18.591
   22.06      18.759
   22.33      18.924
   22.60      19.085
   22.87      19.243
   23.14      19.396
   23.40      19.546
   23.66      19.693
   23.92      19.836
   24.18      19.975
   24.44      20.111
   24.69      20.244
   24.94      20.373
   25.19      20.499
   25.44      20.621
   25.69      20.740
   25.94      20.856
   26.18      20.969
   26.42      21.079
   26.66      21.185
   26.90      21.288
   27.14      21.388
   27.38      21.485
   27.61      21.579
   27.84      21.670
   28.07      21.758
   28.31      21.843
   28.53      21.925
   28.76      22.004
   28.99      22.080
   29.21      22.153
   29.44      22.224
   29.66      22.291
   29.88      22.356
   30.10      22.418
   30.32      22.477
   30.53      22.533
   30.75      22.586
   30.96      22.637
   31.18      22.685
   31.39      22.731
   31.60      22.773
   31.81      22.813
   32.02      22.850
   32.23      22.885
   32.43      22.917
   32.64      22.946
   32.84      22.973
   33.05      22.998
   33.25      23.019
   33.45      23.038
   33.65      23.055
   33.85      23.069
   34.05      23.080
   34.25      23.089
   34.44      23.096
   34.64      23.100
   34.83      23.102
   35.03      23.101
   35.22      23.097
   35.41      23.092
   35.60      23.083
   35.79      23.073
   35.98      23.060
   36.17      23.045
   36.36      23.027
   36.54      23.007
   36.73      22.984
   36.91      22.960
   37.10      22.932
   37.28      22.903
   37.46      22.871
   37.64      22.837
   37.82      22.801
   38.00      22.762
   38.18      22.721
   38.36      22.678
   38.54      22.633
   38.71      22.585
   38.89      22.535
   39.06      22.483
   39.24      22.429
   39.41      22.372
   39.58      22.314
   39.75      22.253
   39.93      22.190
   40.09      22.125
   40.26      22.057
   40.43      21.988
   40.60      21.916
   40.77      21.842
   40.93      21.766
   41.10      21.689
   41.26      21.608
   41.43      21.526
   41.59      21.442
   41.75      21.356
   41.91      21.268
   42.08      21.177
   42.24      21.085
   42.39      20.991
   42.55      20.894
   42.71      20.796
   42.87      20.695
   43.02      20.593
   43.18      20.489
   43.34      20.382
   43.49      20.274
   43.64      20.164
   43.80      20.052
   43.95      19.938
   44.10      19.822
   44.25      19.704
   44.40      19.584
   44.55      19.463
   44.70      19.339
   44.85      19.214
   44.99      19.087
   45.14      18.958
   45.28      18.827
   45.43      18.695
   45.57      18.560
   45.72      18.424
   45.86      18.286
   46.00      18.147
   46.14      18.005
   46.28      17.862
   46.42      17.717
   46.56      17.571
   46.70      17.422
   46.84      17.272
   46.98      17.121
   47.11      16.967
   47.25      16.812
   47.38      16.656
   47.52      16.497
   47.65      16.338
   47.78      16.176
   47.92      16.013
   48.05      15.848
   48.18      15.682
   48.31      15.514
   48.44      15.345
   48.57      15.174
   48.69      15.001
   48.82      14.827
   48.95      14.652
   49.07      14.475
   49.20      14.296
   49.32      14.116
   49.45      13.935
   49.57      13.752
   49.69      13.568
   49.82      13.382
   49.94      13.195
   50.06      13.006
   50.18      12.816
   50.30      12.625
   50.42      12.433
   50.53      12.238
   50.65      12.043
   50.77      11.846
   50.88      11.648
   51.00      11.449
   51.11      11.249
   51.23      11.047
   51.34      10.843
   51.45      10.639
   51.56      10.433
   51.68      10.226
   51.79      10.018
   51.90       9.809
   52.00       9.598
   52.11       9.387
   52.22       9.174
   52.33       8.959
   52.44       8.744
   52.54       8.528
   52.65       8.310
   52.75       8.091
   52.86       7.872
   52.96       7.651
   53.06       7.429
   53.16       7.206
   53.27       6.981
   53.37       6.756
   53.47       6.530
   53.57       6.302
   53.67       6.074
   53.76       5.845
   53.86       5.614
   53.96       5.383
   54.06       5.150
   54.15       4.917
   54.25       4.683
   54.34       4.447
   54.44       4.211
   54.53       3.974
   54.62       3.736
   54.72       3.497
   54.81       3.257
   54.90       3.016
   54.99       2.774
   55.08       2.531
   55.17       2.288
   55.26       2.043
   55.35       1.798
   55.43       1.552
   55.52       1.305
   55.61       1.057
   55.69       0.809
   55.78       0.559
   55.86       0.309
   55.95       0.058
   56.03      -0.193
