    0.40       0.685
    0.78       1.354
    1.17       2.007
    1.54       2.647
    1.91       3.272
    2.27       3.883
    2.62       4.482
    2.97       5.068
    3.31       5.641
    3.65       6.203
    3.98       6.753
    4.31       7.292
    4.63       7.821
    4.94       8.338
    5.25       8.846
    5.56       9.344
    5.86       9.832
    6.16      10.311
    6.45      10.780
    6.74      11.241
    7.03      11.693
    7.31      12.137
    7.59      12.573
    7.87      13.000
    8.14      13.420
    8.41      13.832
    8.67      14.237
    8.93      14.634
    9.19      15.025
    9.45      15.408
    9.70      15.785
    9.95      16.155
   10.20      16.518
   10.44      16.875
   10.68      17.226
   10.92      17.570
   11.16      17.909
   11.39      18.242
   11.63      18.569
   11.86      18.890
   12.08      19.205
   12.31      19.516
   12.53      19.820
   12.75      20.120
   12.97      20.414
   13.19      20.703
   13.41      20.987
   13.62      21.266
   13.83      21.541
   14.04      21.810
   14.25      22.075
   14.45      22.335
   14.66      22.591
   14.86      22.842
   15.06      23.088
   15.26      23.331
   15.46      23.568
   15.66      23.802
   15.85      24.031
   16.04      24.257
   16.24      24.478
   16.43      24.695
   16.62      24.908
   16.80      25.117
   16.99      25.322
   17.18      25.524
   17.36      25.721
   17.54      25.915
   17.72      26.105
   17.90      26.291
   18.08      26.474
   18.26      26.653
   18.44      26.829
   18.62      27.001
   18.79      27.169
   18.96      27.334
   19.14      27.496
   19.31      27.654
   19.48      27.809
   19.65      27.961
   19.82      28.109
   19.99      28.254
   20.15      28.396
   20.32      28.534
   20.48      28.670
   20.65      28.802
   20.81      28.931
   20.97      29.057
   21.14      29.179
   21.30      29.299
   21.46      29.416
   21.62      29.530
   21.78      29.640
   21.93      29.748
   22.09      29.853
   22.25      29.955
   22.40      30.054
   22.56      30.150
   22.71      30.243
   22.87      30.333
   23.02      30.420
   23.17      30.505
   23.32      30.587
   23.47      30.666
   23.62      30.742
   23.77      30.815
   23.92      30.886
   24.07      30.954
   24.22      31.019
   24.36      31.081
   24.51      31.141
   24.66      31.198
   24.80      31.253
   24.95      31.305
   25.09      31.354
   25.24      31.400
   25.38      31.444
   25.52      31.485
   25.66      31.524
   25.81      31.560
   25.95      31.594
   26.09      31.625
   26.23      31.653
   26.37      31.679
   26.51      31.702
   26.64      31.723
   26.78      31.741
   26.92      31.757
   27.06      31.770
   27.19      31.781
   27.33      31.789
   27.47      31.795
   27.60      31.798
   27.74      31.799
   27.87      31.797
   28.00      31.793
   28.14      31.787
   28.27      31.778
   28.40      31.766
   28.54      31.753
   28.67      31.736
   28.80      31.718
   28.93      31.697
   29.06      31.674
   29.19      31.648
   29.32      31.620
   29.45      31.590
   29.58      31.557
   29.71      31.522
   29.83      31.484
   29.96      31.444
   30.09      31.402
   30.21      31.358
   30.34      31.311
   30.47      31.262
   30.59      31.211
   30.72      31.158
   30.84      31.102
   30.97      31.044
   31.09      30.984
   31.21      30.921
   31.33      30.856
   31.46      30.789
   31.58      30.720
   31.70      30.649
   31.82      30.575
   31.94      30.499
   32.06      30.421
   32.18      30.341
   32.30      30.259
   32.42      30.174
   32.54      30.088
   32.66      29.999
   32.77      29.908
   32.89      29.815
   33.01      29.720
   33.12      29.623
   33.24      29.524
   33.36      29.423
   33.47      29.319
   33.58      29.214
   33.70      29.107
   33.81      28.997
   33.93      28.886
   34.04      28.772
   34.15      28.657
   34.26      28.540
   34.37      28.420
   34.48      28.299
   34.59      28.175
   34.70      28.050
   34.81      27.923
   34.92      27.794
   35.03      27.663
   35.14      27.530
   35.25      27.395
   35.35      27.259
   35.46      27.120
   35.57      26.980
   35.67      26.838
   35.78      26.694
   35.88      26.548
   35.99      26.401
   36.09      26.251
   36.19      26.100
   36.30      25.948
   36.40      25.793
   36.50      25.637
   36.60      25.479
   36.70      25.319
   36.81      25.158
   36.91      24.995
   37.00      24.830
   37.10      24.663
   37.20      24.495
   37.30      24.326
   37.40      24.154
   37.50      23.982
   37.59      23.807
   37.69      23.631
   37.78      23.454
   37.88      23.274
   37.97      23.094
   38.07      22.911
   38.16      22.728
   38.26      22.543
   38.35      22.356
   38.44      22.168
   38.53      21.978
   38.62      21.787
   38.71      21.595
   38.81      21.401
   38.89      21.205
   38.98      21.009
   39.07      20.811
   39.16      20.611
   39.25      20.410
   39.34      20.208
   39.42      20.005
   39.51      19.800
   39.60      19.594
   39.68      19.386
   39.77      19.178
   39.85      18.968
   39.94      18.757
   40.02      18.544
   40.10      18.330
   40.19      18.116
   40.27      17.899
   40.35      17.682
   40.43      17.464
   40.51      17.244
   40.59      17.023
   40.67      16.801
   40.75      16.578
   40.83      16.354
   40.91      16.129
   40.99      15.902
   41.06      15.675
   41.14      15.446
   41.22      15.217
   41.29      14.986
   41.37      14.754
   41.44      14.521
   41.52      14.288
   41.59      14.053
   41.67      13.817
   41.74      13.580
   41.81      13.342
   41.89      13.104
   41.96      12.864
   42.03      12.623
   42.10      12.382
   42.17      12.139
   42.24      11.896
   42.31      11.652
   42.38      11.406
   42.45      11.160
   42.52      10.913
   42.58      10.666
   42.65      10.417
   42.72      10.168
   42.79       9.917
   42.85       9.666
   42.92       9.414
   42.98       9.161
   43.05       8.908
   43.11       8.653
   43.18       8.398
   43.24       8.142
   43.30       7.886
   43.37       7.628
   43.43       7.370
   43.49       7.111
   43.55       6.852
   43.61       6.592
   43.67       6.331
   43.74       6.069
   43.80       5.807
   43.85       5.543
   43.91       5.280
   43.97       5.015
   44.03       4.750
   44.09       4.485
   44.15       4.218
   44.20       3.951
   44.26       3.684
   44.32       3.416
   44.37       3.147
   44.43       2.877
   44.48       2.607
   44.54       2.337
   44.59       2.066
   44.65       1.794
   44.70       1.522
   44.75       1.249
   44.81       0.976
   44.86       0.702
   44.91       0.427
   44.96       0.152
   45.02      -0.123
