    0.20       0.764
    0.41       1.510
    0.60       2.240
    0.80       2.954
    0.99       3.653
    1.17       4.336
    1.36       5.006
    1.54       5.661
    1.71       6.303
    1.89       6.932
    2.06       7.549
    2.23       8.154
    2.40       8.746
    2.56       9.327
    2.72       9.898
    2.88      10.457
    3.04      11.006
    3.19      11.545
    3.34      12.074
    3.49      12.593
    3.64      13.103
    3.79      13.604
    3.93      14.096
    4.07      14.579
    4.21      15.054
    4.35      15.520
    4.49      15.979
    4.63      16.429
    4.76      16.872
    4.89      17.308
    5.03      17.736
    5.15      18.157
    5.28      18.571
    5.41      18.978
    5.54      19.378
    5.66      19.772
    5.78      20.159
    5.90      20.540
    6.03      20.915
    6.14      21.284
    6.26      21.646
    6.38      22.003
    6.50      22.354
    6.61      22.700
    6.72      23.039
    6.84      23.374
    6.95      23.703
    7.06      24.027
    7.17      24.345
    7.28      24.659
    7.39      24.967
    7.50      25.270
    7.60      25.569
    7.71      25.863
    7.81      26.152
    7.92      26.436
    8.02      26.716
    8.12      26.992
    8.22      27.263
    8.33      27.529
    8.43      27.791
    8.53      28.049
    8.62      28.303
    8.72      28.553
    8.82      28.798
    8.92      29.040
    9.01      29.277
    9.11      29.511
    9.20      29.740
    9.30      29.966
    9.39      30.188
    9.49      30.406
    9.58      30.620
    9.67      30.831
    9.76      31.038
    9.85      31.241
    9.95      31.441
   10.04      31.638
   10.13      31.831
   10.21      32.020
   10.30      32.206
   10.39      32.388
   10.48      32.568
   10.57      32.743
   10.65      32.916
   10.74      33.085
   10.83      33.251
   10.91      33.414
   11.00      33.574
   11.08      33.730
   11.17      33.884
   11.25      34.034
   11.34      34.181
   11.42      34.325
   11.50      34.466
   11.59      34.604
   11.67      34.739
   11.75      34.871
   11.83      35.000
   11.92      35.126
   12.00      35.249
   12.08      35.370
   12.16      35.487
   12.24      35.602
   12.32      35.713
   12.40      35.822
   12.48      35.928
   12.56      36.032
   12.64      36.132
   12.72      36.230
   12.79      36.325
   12.87      36.417
   12.95      36.507
   13.03      36.593
   13.11      36.677
   13.18      36.759
   13.26      36.838
   13.34      36.914
   13.42      36.987
   13.49      37.058
   13.57      37.126
   13.65      37.191
   13.72      37.254
   13.80      37.315
   13.87      37.372
   13.95      37.427
   14.02      37.480
   14.10      37.530
   14.17      37.577
   14.25      37.622
   14.32      37.665
   14.40      37.704
   14.47      37.742
   14.55      37.776
   14.62      37.808
   14.69      37.838
   14.77      37.865
   14.84      37.890
   14.92      37.912
   14.99      37.932
   15.06      37.949
   15.14      37.964
   15.21      37.976
   15.28      37.986
   15.35      37.993
   15.43      37.998
   15.50      38.000
   15.57      38.000
   15.64      37.998
   15.72      37.993
   15.79      37.985
   15.86      37.975
   15.93      37.963
   16.00      37.948
   16.07      37.931
   16.14      37.911
   16.22      37.889
   16.29      37.865
   16.36      37.838
   16.43      37.809
   16.50      37.778
   16.57      37.744
   16.64      37.707
   16.71      37.668
   16.78      37.627
   16.85      37.584
   16.92      37.538
   16.99      37.490
   17.06      37.439
   17.13      37.386
   17.20      37.331
   17.27      37.274
   17.33      37.214
   17.40      37.152
   17.47      37.087
   17.54      37.020
   17.61      36.951
   17.68      36.880
   17.74      36.806
   17.81      36.730
   17.88      36.652
   17.95      36.572
   18.01      36.489
   18.08      36.405
   18.15      36.317
   18.21      36.228
   18.28      36.137
   18.35      36.043
   18.41      35.947
   18.48      35.849
   18.54      35.749
   18.61      35.647
   18.67      35.542
   18.74      35.436
   18.80      35.327
   18.87      35.216
   18.93      35.103
   19.00      34.989
   19.06      34.872
   19.12      34.752
   19.19      34.631
   19.25      34.508
   19.31      34.383
   19.38      34.256
   19.44      34.127
   19.50      33.996
   19.57      33.862
   19.63      33.727
   19.69      33.590
   19.75      33.451
   19.81      33.311
   19.87      33.168
   19.93      33.023
   19.99      32.877
   20.05      32.728
   20.11      32.578
   20.17      32.426
   20.23      32.272
   20.29      32.116
   20.35      31.959
   20.41      31.799
   20.47      31.638
   20.53      31.476
   20.59      31.311
   20.64      31.145
   20.70      30.977
   20.76      30.807
   20.82      30.636
   20.87      30.463
   20.93      30.288
   20.99      30.112
   21.04      29.934
   21.10      29.754
   21.15      29.573
   21.21      29.390
   21.26      29.206
   21.32      29.020
   21.37      28.833
   21.43      28.644
   21.48      28.453
   21.53      28.261
   21.59      28.068
   21.64      27.873
   21.69      27.676
   21.75      27.479
   21.80      27.279
   21.85      27.079
   21.90      26.877
   21.95      26.673
   22.00      26.468
   22.06      26.262
   22.11      26.054
   22.16      25.846
   22.21      25.635
   22.26      25.424
   22.31      25.211
   22.36      24.997
   22.40      24.782
   22.45      24.565
   22.50      24.347
   22.55      24.128
   22.60      23.908
   22.65      23.686
   22.69      23.464
   22.74      23.240
   22.79      23.015
   22.83      22.788
   22.88      22.561
   22.93      22.333
   22.97      22.103
   23.02      21.873
   23.06      21.641
   23.11      21.408
   23.15      21.174
   23.20      20.939
   23.24      20.703
   23.28      20.466
   23.33      20.228
   23.37      19.989
   23.41      19.749
   23.46      19.508
   23.50      19.266
   23.54      19.023
   23.58      18.780
   23.63      18.535
   23.67      18.289
   23.71      18.043
   23.75      17.795
   23.79      17.547
   23.83      17.297
   23.87      17.047
   23.91      16.796
   23.95      16.544
   23.99      16.292
   24.03      16.038
   24.07      15.784
   24.11      15.529
   24.15      15.273
   24.18      15.016
   24.22      14.758
   24.26      14.500
   24.30      14.241
   24.34      13.981
   24.37      13.721
   24.41      13.460
   24.45      13.198
   24.48      12.935
   24.52      12.671
   24.55      12.407
   24.59      12.143
   24.62      11.877
   24.66      11.611
   24.69      11.344
   24.73      11.077
   24.76      10.809
   24.80      10.540
   24.83      10.271
   24.87      10.001
   24.90       9.730
   24.93       9.459
   24.96       9.188
   25.00       8.915
   25.03       8.642
   25.06       8.369
   25.09       8.095
   25.13       7.820
   25.16       7.545
   25.19       7.270
   25.22       6.993
   25.25       6.717
   25.28       6.439
   25.31       6.162
   25.34       5.883
   25.37       5.605
   25.40       5.325
   25.43       5.046
   25.46       4.766
   25.49       4.485
   25.52       4.204
   25.55       3.922
   25.58       3.640
   25.61       3.358
   25.64       3.075
   25.66       2.791
   25.69       2.508
   25.72       2.223
   25.75       1.939
   25.77       1.654
   25.80       1.368
   25.83       1.082
   25.86       0.796
   25.88       0.510
   25.91       0.223
   25.93      -0.065
