    0.76       0.204
    1.52       0.401
    2.25       0.593
    2.98       0.778
    3.69       0.958
    4.39       1.133
    5.08       1.302
    5.75       1.467
    6.42       1.626
    7.08       1.781
    7.73       1.931
    8.37       2.077
    9.00       2.218
    9.62       2.355
   10.24       2.488
   10.85       2.617
   11.45       2.742
   12.04       2.863
   12.63       2.980
   13.21       3.093
   13.79       3.203
   14.36       3.309
   14.92       3.412
   15.48       3.511
   16.03       3.607
   16.58       3.700
   17.12       3.789
   17.65       3.875
   18.18       3.957
   18.71       4.037
   19.23       4.113
   19.75       4.186
   20.26       4.256
   20.77       4.323
   21.28       4.387
   21.78       4.448
   22.27       4.507
   22.76       4.562
   23.25       4.614
   23.74       4.664
   24.22       4.711
   24.70       4.755
   25.17       4.796
   25.64       4.834
   26.11       4.870
   26.57       4.903
   27.03       4.933
   27.49       4.961
   27.94       4.986
   28.39       5.008
   28.84       5.028
   29.29       5.046
   29.73       5.060
   30.17       5.072
   30.60       5.082
   31.04       5.089
   31.47       5.094
   31.89       5.096
   32.32       5.096
   32.74       5.093
   33.16       5.088
   33.58       5.080
   33.99       5.070
   34.40       5.058
   34.81       5.043
   35.22       5.026
   35.62       5.006
   36.02       4.985
   36.42       4.961
   36.82       4.934
   37.21       4.906
   37.61       4.875
   38.00       4.842
   38.38       4.806
   38.77       4.768
   39.15       4.729
   39.53       4.686
   39.91       4.642
   40.29       4.596
   40.66       4.547
   41.03       4.496
   41.40       4.443
   41.77       4.388
   42.13       4.331
   42.49       4.272
   42.85       4.210
   43.21       4.147
   43.57       4.081
   43.92       4.014
   44.27       3.944
   44.62       3.873
   44.97       3.799
   45.32       3.723
   45.66       3.646
   46.00       3.566
   46.34       3.485
   46.68       3.401
   47.01       3.316
   47.35       3.228
   47.68       3.139
   48.01       3.048
   48.33       2.955
   48.66       2.860
   48.98       2.763
   49.30       2.665
   49.62       2.564
   49.94       2.462
   50.25       2.358
   50.56       2.253
   50.87       2.145
   51.18       2.036
   51.49       1.925
   51.79       1.813
   52.09       1.698
   52.39       1.582
   52.69       1.465
   52.99       1.345
   53.28       1.225
   53.57       1.102
   53.86       0.978
   54.15       0.853
   54.44       0.725
   54.72       0.597
   55.00       0.467
   55.28       0.335
   55.56       0.202
   55.84       0.067
   56.11      -0.069
