    0.69       0.395
    1.36       0.780
    2.02       1.155
    2.67       1.522
    3.31       1.881
    3.94       2.232
    4.56       2.576
    5.17       2.912
    5.78       3.242
    6.38       3.565
    6.97       3.882
    7.55       4.193
    8.13       4.498
    8.70       4.798
    9.27       5.092
    9.83       5.381
   10.38       5.665
   10.93       5.944
   11.48       6.218
   12.02       6.487
   12.56       6.752
   13.09       7.012
   13.62       7.268
   14.15       7.520
   14.67       7.768
   15.19       8.011
   15.70       8.251
   16.21       8.487
   16.72       8.718
   17.23       8.946
   17.73       9.171
   18.23       9.391
   18.73       9.608
   19.22       9.821
   19.72      10.031
   20.21      10.238
   20.70      10.441
   21.18      10.640
   21.66      10.836
   22.15      11.029
   22.62      11.219
   23.10      11.405
   23.58      11.589
   24.05      11.769
   24.52      11.945
   24.99      12.119
   25.46      12.290
   25.93      12.457
   26.39      12.622
   26.85      12.783
   27.32      12.942
   27.78      13.097
   28.23      13.250
   28.69      13.400
   29.15      13.546
   29.60      13.690
   30.05      13.831
   30.50      13.969
   30.95      14.104
   31.40      14.237
   31.85      14.366
   32.30      14.493
   32.74      14.617
   33.19      14.738
   33.63      14.857
   34.07      14.972
   34.51      15.085
   34.95      15.195
   35.39      15.303
   35.82      15.408
   36.26      15.510
   36.70      15.609
   37.13      15.706
   37.56      15.800
   37.99      15.891
   38.43      15.980
   38.86      16.066
   39.29      16.149
   39.71      16.230
   40.14      16.308
   40.57      16.383
   40.99      16.456
   41.42      16.527
   41.84      16.594
   42.26      16.659
   42.69      16.722
   43.11      16.782
   43.53      16.839
   43.95      16.894
   44.37      16.946
   44.78      16.996
   45.20      17.043
   45.62      17.088
   46.03      17.130
   46.45      17.170
   46.86      17.207
   47.27      17.241
   47.69      17.273
   48.10      17.303
   48.51      17.330
   48.92      17.354
   49.33      17.376
   49.74      17.396
   50.15      17.413
   50.55      17.427
   50.96      17.439
   51.36      17.449
   51.77      17.456
   52.17      17.461
   52.58      17.463
   52.98      17.463
   53.38      17.460
   53.78      17.455
   54.18      17.447
   54.58      17.437
   54.98      17.425
   55.38      17.410
   55.78      17.393
   56.18      17.373
   56.57      17.351
   56.97      17.326
   57.37      17.299
   57.76      17.270
   58.15      17.238
   58.55      17.204
   58.94      17.168
   59.33      17.129
   59.72      17.087
   60.11      17.044
   60.50      16.998
   60.89      16.949
   61.28      16.898
   61.67      16.845
   62.05      16.790
   62.44      16.732
   62.82      16.672
   63.21      16.609
   63.59      16.544
   63.98      16.477
   64.36      16.408
   64.74      16.336
   65.12      16.262
   65.50      16.185
   65.88      16.106
   66.26      16.025
   66.64      15.942
   67.02      15.856
   67.39      15.768
   67.77      15.678
   68.14      15.586
   68.52      15.491
   68.89      15.394
   69.27      15.295
   69.64      15.193
   70.01      15.090
   70.38      14.984
   70.75      14.875
   71.12      14.765
   71.49      14.653
   71.85      14.538
   72.22      14.421
   72.59      14.302
   72.95      14.180
   73.31      14.057
   73.68      13.931
   74.04      13.803
   74.40      13.673
   74.76      13.541
   75.12      13.407
   75.48      13.271
   75.84      13.132
   76.19      12.992
   76.55      12.849
   76.90      12.705
   77.26      12.558
   77.61      12.409
   77.96      12.258
   78.31      12.106
   78.66      11.951
   79.01      11.794
   79.36      11.635
   79.71      11.474
   80.05      11.312
   80.40      11.147
   80.74      10.980
   81.08      10.812
   81.43      10.641
   81.77      10.469
   82.11      10.295
   82.44      10.119
   82.78       9.941
   83.12       9.761
   83.45       9.579
   83.78       9.396
   84.12       9.211
   84.45       9.024
   84.78       8.836
   85.11       8.645
   85.43       8.453
   85.76       8.260
   86.08       8.065
   86.40       7.868
   86.73       7.669
   87.05       7.469
   87.36       7.268
   87.68       7.064
   88.00       6.860
   88.31       6.654
   88.62       6.446
   88.94       6.237
   89.25       6.027
   89.55       5.815
   89.86       5.602
   90.16       5.387
   90.47       5.172
   90.77       4.955
   91.07       4.737
   91.37       4.517
   91.66       4.297
   91.96       4.075
   92.25       3.852
   92.54       3.629
   92.83       3.404
   93.12       3.178
   93.40       2.951
   93.69       2.724
   93.97       2.495
   94.25       2.266
   94.52       2.036
   94.80       1.805
   95.07       1.573
   95.34       1.341
   95.61       1.108
   95.88       0.874
   96.14       0.640
   96.41       0.406
   96.67       0.171
   96.93      -0.065
