    0.56       0.559
    1.11       1.105
    1.65       1.639
    2.18       2.163
    2.71       2.676
    3.22       3.180
    3.73       3.674
    4.24       4.161
    4.73       4.639
    5.23       5.109
    5.71       5.573
    6.20       6.030
    6.68       6.480
    7.15       6.923
    7.62       7.361
    8.09       7.793
    8.55       8.219
    9.01       8.640
    9.47       9.056
    9.92       9.467
   10.38       9.873
   10.83      10.274
   11.27      10.671
   11.72      11.063
   12.16      11.450
   12.60      11.834
   13.04      12.213
   13.48      12.588
   13.91      12.960
   14.34      13.327
   14.78      13.691
   15.21      14.050
   15.63      14.407
   16.06      14.759
   16.49      15.108
   16.91      15.453
   17.34      15.795
   17.76      16.134
   18.18      16.469
   18.60      16.801
   19.02      17.130
   19.44      17.455
   19.85      17.777
   20.27      18.096
   20.68      18.412
   21.10      18.725
   21.51      19.035
   21.92      19.341
   22.34      19.645
   22.75      19.946
   23.16      20.243
   23.57      20.538
   23.98      20.830
   24.38      21.119
   24.79      21.405
   25.20      21.688
   25.61      21.968
   26.01      22.246
   26.42      22.520
   26.82      22.792
   27.23      23.061
   27.63      23.327
   28.03      23.591
   28.44      23.852
   28.84      24.110
   29.24      24.365
   29.64      24.617
   30.04      24.867
   30.45      25.114
   30.85      25.359
   31.25      25.601
   31.65      25.840
   32.05      26.076
   32.44      26.310
   32.84      26.541
   33.24      26.770
   33.64      26.996
   34.04      27.219
   34.43      27.440
   34.83      27.658
   35.23      27.873
   35.63      28.086
   36.02      28.296
   36.42      28.504
   36.81      28.709
   37.21      28.911
   37.61      29.111
   38.00      29.308
   38.40      29.503
   38.79      29.695
   39.18      29.885
   39.58      30.072
   39.97      30.257
   40.37      30.439
   40.76      30.618
   41.15      30.795
   41.55      30.969
   41.94      31.141
   42.33      31.310
   42.73      31.477
   43.12      31.641
   43.51      31.803
   43.90      31.962
   44.29      32.119
   44.69      32.273
   45.08      32.424
   45.47      32.573
   45.86      32.720
   46.25      32.864
   46.64      33.006
   47.03      33.145
   47.42      33.281
   47.82      33.415
   48.21      33.547
   48.60      33.676
   48.99      33.802
   49.38      33.926
   49.77      34.048
   50.16      34.167
   50.55      34.284
   50.94      34.398
   51.32      34.509
   51.71      34.618
   52.10      34.725
   52.49      34.829
   52.88      34.931
   53.27      35.030
   53.66      35.127
   54.05      35.221
   54.44      35.313
   54.82      35.402
   55.21      35.489
   55.60      35.573
   55.99      35.655
   56.38      35.734
   56.76      35.811
   57.15      35.885
   57.54      35.957
   57.93      36.027
   58.31      36.094
   58.70      36.158
   59.09      36.220
   59.47      36.280
   59.86      36.337
   60.25      36.391
   60.64      36.444
   61.02      36.493
   61.41      36.540
   61.79      36.585
   62.18      36.628
   62.57      36.667
   62.95      36.705
   63.34      36.740
   63.73      36.772
   64.11      36.802
   64.50      36.830
   64.88      36.855
   65.27      36.877
   65.65      36.898
   66.04      36.915
   66.42      36.930
   66.81      36.943
   67.19      36.954
   67.58      36.961
   67.96      36.967
   68.35      36.970
   68.73      36.970
   69.12      36.968
   69.50      36.964
   69.89      36.957
   70.27      36.948
   70.66      36.936
   71.04      36.922
   71.43      36.905
   71.81      36.886
   72.19      36.865
   72.58      36.841
   72.96      36.814
   73.34      36.786
   73.73      36.754
   74.11      36.720
   74.49      36.684
   74.88      36.646
   75.26      36.605
   75.64      36.561
   76.03      36.515
   76.41      36.467
   76.79      36.416
   77.18      36.363
   77.56      36.307
   77.94      36.249
   78.32      36.188
   78.70      36.125
   79.09      36.059
   79.47      35.992
   79.85      35.921
   80.23      35.848
   80.61      35.773
   81.00      35.696
   81.38      35.616
   81.76      35.533
   82.14      35.448
   82.52      35.361
   82.90      35.271
   83.28      35.179
   83.67      35.084
   84.05      34.987
   84.43      34.888
   84.81      34.786
   85.19      34.681
   85.57      34.575
   85.95      34.465
   86.33      34.354
   86.71      34.240
   87.09      34.123
   87.47      34.005
   87.85      33.883
   88.23      33.760
   88.61      33.634
   88.99      33.505
   89.36      33.374
   89.74      33.241
   90.12      33.105
   90.50      32.967
   90.88      32.827
   91.26      32.684
   91.64      32.539
   92.01      32.391
   92.39      32.241
   92.77      32.088
   93.15      31.933
   93.53      31.776
   93.90      31.617
   94.28      31.455
   94.66      31.290
   95.03      31.123
   95.41      30.954
   95.79      30.783
   96.16      30.609
   96.54      30.433
   96.92      30.254
   97.29      30.073
   97.67      29.890
   98.04      29.704
   98.42      29.516
   98.79      29.326
   99.17      29.133
   99.54      28.938
   99.92      28.740
  100.29      28.541
  100.66      28.339
  101.04      28.134
  101.41      27.927
  101.78      27.718
  102.16      27.507
  102.53      27.293
  102.90      27.077
  103.27      26.859
  103.64      26.639
  104.02      26.416
  104.39      26.191
  104.76      25.963
  105.13      25.734
  105.50      25.502
  105.87      25.268
  106.24      25.031
  106.61      24.792
  106.98      24.552
  107.35      24.309
  107.71      24.063
  108.08      23.816
  108.45      23.566
  108.82      23.314
  109.18      23.060
  109.55      22.804
  109.92      22.545
  110.28      22.285
  110.65      22.022
  111.01      21.757
  111.38      21.490
  111.74      21.221
  112.10      20.950
  112.46      20.677
  112.83      20.402
  113.19      20.125
  113.55      19.845
  113.91      19.564
  114.27      19.281
  114.63      18.995
  114.99      18.708
  115.35      18.419
  115.70      18.128
  116.06      17.835
  116.42      17.540
  116.77      17.243
  117.13      16.944
  117.48      16.644
  117.83      16.342
  118.18      16.038
  118.54      15.732
  118.89      15.425
  119.24      15.116
  119.59      14.805
  119.93      14.493
  120.28      14.179
  120.63      13.863
  120.97      13.546
  121.31      13.228
  121.66      12.908
  122.00      12.586
  122.34      12.264
  122.68      11.939
  123.02      11.614
  123.35      11.287
  123.69      10.960
  124.02      10.631
  124.36      10.300
  124.69       9.969
  125.02       9.637
  125.35       9.304
  125.67       8.970
  126.00       8.635
  126.32       8.299
  126.65       7.963
  126.97       7.625
  127.29       7.288
  127.60       6.949
  127.92       6.611
  128.23       6.271
  128.54       5.932
  128.85       5.592
  129.16       5.252
  129.47       4.911
  129.77       4.571
  130.07       4.231
  130.37       3.891
  130.67       3.551
  130.96       3.211
  131.25       2.871
  131.54       2.532
  131.83       2.193
  132.11       1.855
  132.39       1.518
  132.67       1.181
  132.95       0.845
  133.22       0.510
  133.49       0.176
  133.76      -0.156
