    0.40       0.685
    0.78       1.354
    1.17       2.011
    1.54       2.654
    1.91       3.287
    2.28       3.908
    2.64       4.520
    3.00       5.122
    3.36       5.716
    3.71       6.301
    4.05       6.879
    4.40       7.449
    4.74       8.013
    5.08       8.570
    5.42       9.121
    5.75       9.665
    6.08      10.204
    6.42      10.738
    6.74      11.266
    7.07      11.789
    7.40      12.307
    7.72      12.820
    8.05      13.329
    8.37      13.833
    8.69      14.333
    9.01      14.829
    9.33      15.321
    9.64      15.808
    9.96      16.292
   10.28      16.772
   10.59      17.248
   10.91      17.721
   11.22      18.190
   11.53      18.655
   11.84      19.117
   12.16      19.575
   12.47      20.031
   12.78      20.483
   13.09      20.931
   13.39      21.377
   13.70      21.819
   14.01      22.258
   14.32      22.694
   14.63      23.127
   14.93      23.557
   15.24      23.984
   15.54      24.408
   15.85      24.830
   16.16      25.248
   16.46      25.663
   16.77      26.076
   17.07      26.485
   17.37      26.892
   17.68      27.296
   17.98      27.697
   18.29      28.096
   18.59      28.492
   18.89      28.884
   19.19      29.275
   19.50      29.662
   19.80      30.047
   20.10      30.429
   20.40      30.809
   20.71      31.186
   21.01      31.560
   21.31      31.931
   21.61      32.300
   21.91      32.666
   22.21      33.030
   22.51      33.391
   22.81      33.750
   23.11      34.105
   23.42      34.459
   23.72      34.809
   24.02      35.157
   24.32      35.503
   24.62      35.846
   24.92      36.186
   25.22      36.524
   25.52      36.859
   25.82      37.192
   26.12      37.522
   26.42      37.850
   26.72      38.175
   27.02      38.498
   27.31      38.818
   27.61      39.135
   27.91      39.450
   28.21      39.763
   28.51      40.073
   28.81      40.380
   29.11      40.685
   29.41      40.988
   29.71      41.288
   30.01      41.585
   30.31      41.880
   30.60      42.173
   30.90      42.462
   31.20      42.750
   31.50      43.035
   31.80      43.317
   32.10      43.597
   32.40      43.875
   32.70      44.150
   32.99      44.422
   33.29      44.692
   33.59      44.960
   33.89      45.225
   34.19      45.488
   34.49      45.748
   34.78      46.005
   35.08      46.260
   35.38      46.513
   35.68      46.763
   35.98      47.011
   36.28      47.256
   36.57      47.499
   36.87      47.739
   37.17      47.977
   37.47      48.212
   37.77      48.445
   38.06      48.676
   38.36      48.904
   38.66      49.129
   38.96      49.352
   39.26      49.573
   39.55      49.791
   39.85      50.006
   40.15      50.220
   40.45      50.430
   40.74      50.638
   41.04      50.844
   41.34      51.047
   41.64      51.248
   41.94      51.447
   42.23      51.643
   42.53      51.836
   42.83      52.027
   43.13      52.215
   43.42      52.402
   43.72      52.585
   44.02      52.766
   44.32      52.945
   44.62      53.121
   44.91      53.295
   45.21      53.466
   45.51      53.635
   45.81      53.801
   46.10      53.965
   46.40      54.127
   46.70      54.286
   47.00      54.442
   47.29      54.596
   47.59      54.748
   47.89      54.897
   48.19      55.044
   48.48      55.188
   48.78      55.330
   49.08      55.469
   49.38      55.606
   49.67      55.740
   49.97      55.872
   50.27      56.002
   50.57      56.129
   50.86      56.253
   51.16      56.376
   51.46      56.495
   51.76      56.612
   52.05      56.727
   52.35      56.840
   52.65      56.949
   52.95      57.057
   53.24      57.162
   53.54      57.264
   53.84      57.364
   54.13      57.462
   54.43      57.557
   54.73      57.650
   55.03      57.740
   55.32      57.828
   55.62      57.913
   55.92      57.996
   56.22      58.076
   56.51      58.154
   56.81      58.230
   57.11      58.303
   57.40      58.373
   57.70      58.441
   58.00      58.507
   58.30      58.570
   58.59      58.631
   58.89      58.689
   59.19      58.745
   59.49      58.799
   59.78      58.849
   60.08      58.898
   60.38      58.944
   60.67      58.988
   60.97      59.029
   61.27      59.067
   61.57      59.104
   61.86      59.137
   62.16      59.169
   62.46      59.198
   62.75      59.224
   63.05      59.248
   63.35      59.269
   63.65      59.289
   63.94      59.305
   64.24      59.319
   64.54      59.331
   64.83      59.340
   65.13      59.347
   65.43      59.351
   65.73      59.353
   66.02      59.353
   66.32      59.350
   66.62      59.344
   66.91      59.336
   67.21      59.326
   67.51      59.313
   67.80      59.298
   68.10      59.280
   68.40      59.260
   68.70      59.237
   68.99      59.212
   69.29      59.185
   69.59      59.155
   69.88      59.122
   70.18      59.087
   70.48      59.050
   70.78      59.010
   71.07      58.968
   71.37      58.923
   71.67      58.876
   71.96      58.826
   72.26      58.774
   72.56      58.720
   72.85      58.663
   73.15      58.603
   73.45      58.542
   73.74      58.477
   74.04      58.411
   74.34      58.341
   74.64      58.270
   74.93      58.196
   75.23      58.119
   75.53      58.040
   75.82      57.958
   76.12      57.875
   76.42      57.788
   76.71      57.699
   77.01      57.608
   77.31      57.514
   77.60      57.418
   77.90      57.320
   78.20      57.218
   78.49      57.115
   78.79      57.009
   79.09      56.901
   79.38      56.790
   79.68      56.676
   79.98      56.561
   80.28      56.442
   80.57      56.322
   80.87      56.199
   81.17      56.073
   81.46      55.945
   81.76      55.815
   82.06      55.682
   82.35      55.546
   82.65      55.409
   82.95      55.268
   83.24      55.126
   83.54      54.980
   83.84      54.833
   84.13      54.683
   84.43      54.530
   84.73      54.375
   85.02      54.218
   85.32      54.058
   85.62      53.896
   85.91      53.731
   86.21      53.564
   86.51      53.394
   86.80      53.222
   87.10      53.048
   87.39      52.871
   87.69      52.691
   87.99      52.510
   88.28      52.325
   88.58      52.139
   88.88      51.949
   89.17      51.758
   89.47      51.564
   89.77      51.367
   90.06      51.168
   90.36      50.967
   90.66      50.763
   90.95      50.557
   91.25      50.348
   91.54      50.137
   91.84      49.923
   92.14      49.707
   92.43      49.489
   92.73      49.268
   93.03      49.045
   93.32      48.819
   93.62      48.591
   93.91      48.360
   94.21      48.127
   94.51      47.891
   94.80      47.653
   95.10      47.413
   95.39      47.170
   95.69      46.925
   95.99      46.677
   96.28      46.427
   96.58      46.175
   96.87      45.920
   97.17      45.662
   97.47      45.402
   97.76      45.140
   98.06      44.875
   98.35      44.608
   98.65      44.339
   98.94      44.067
   99.24      43.793
   99.54      43.516
   99.83      43.237
  100.13      42.955
  100.42      42.671
  100.72      42.385
  101.01      42.096
  101.31      41.804
  101.60      41.511
  101.90      41.215
  102.19      40.916
  102.49      40.615
  102.78      40.312
  103.08      40.007
  103.37      39.698
  103.67      39.388
  103.96      39.075
  104.26      38.760
  104.55      38.442
  104.85      38.122
  105.14      37.800
  105.44      37.475
  105.73      37.148
  106.03      36.819
  106.32      36.487
  106.62      36.153
  106.91      35.816
  107.20      35.478
  107.50      35.136
  107.79      34.793
  108.08      34.447
  108.38      34.099
  108.67      33.748
  108.97      33.395
  109.26      33.040
  109.55      32.683
  109.84      32.323
  110.14      31.961
  110.43      31.597
  110.72      31.230
  111.02      30.861
  111.31      30.490
  111.60      30.117
  111.89      29.741
  112.18      29.364
  112.47      28.984
  112.77      28.602
  113.06      28.217
  113.35      27.831
  113.64      27.442
  113.93      27.051
  114.22      26.658
  114.51      26.263
  114.80      25.866
  115.09      25.466
  115.38      25.065
  115.67      24.662
  115.96      24.256
  116.24      23.849
  116.53      23.439
  116.82      23.028
  117.11      22.615
  117.39      22.199
  117.68      21.782
  117.97      21.363
  118.25      20.943
  118.54      20.520
  118.82      20.096
  119.11      19.670
  119.39      19.242
  119.67      18.813
  119.96      18.382
  120.24      17.949
  120.52      17.515
  120.80      17.080
  121.08      16.643
  121.36      16.204
  121.64      15.765
  121.92      15.324
  122.19      14.882
  122.47      14.438
  122.75      13.994
  123.02      13.549
  123.29      13.102
  123.57      12.655
  123.84      12.207
  124.11      11.759
  124.38      11.309
  124.65      10.860
  124.92      10.409
  125.18       9.959
  125.45       9.508
  125.71       9.056
  125.97       8.605
  126.23       8.154
  126.49       7.703
  126.75       7.252
  127.00       6.802
  127.26       6.352
  127.51       5.903
  127.76       5.455
  128.01       5.007
  128.26       4.560
  128.50       4.115
  128.75       3.671
  128.99       3.228
  129.23       2.787
  129.46       2.348
  129.70       1.910
  129.93       1.475
  130.16       1.042
  130.38       0.611
  130.61       0.182
  130.83      -0.244
