    0.20       0.764
    0.41       1.511
    0.60       2.244
    0.80       2.964
    0.99       3.671
    1.18       4.367
    1.37       5.053
    1.56       5.728
    1.74       6.395
    1.92       7.053
    2.10       7.704
    2.28       8.346
    2.46       8.982
    2.64       9.611
    2.81      10.234
    2.99      10.851
    3.16      11.462
    3.33      12.067
    3.51      12.667
    3.68      13.262
    3.85      13.852
    4.02      14.438
    4.19      15.018
    4.36      15.595
    4.52      16.167
    4.69      16.735
    4.86      17.299
    5.03      17.859
    5.19      18.416
    5.36      18.968
    5.53      19.517
    5.69      20.063
    5.86      20.605
    6.02      21.143
    6.19      21.678
    6.35      22.210
    6.51      22.738
    6.68      23.264
    6.84      23.786
    7.00      24.305
    7.17      24.821
    7.33      25.334
    7.49      25.844
    7.66      26.351
    7.82      26.855
    7.98      27.356
    8.14      27.854
    8.31      28.350
    8.47      28.842
    8.63      29.332
    8.79      29.819
    8.95      30.303
    9.11      30.785
    9.28      31.264
    9.44      31.740
    9.60      32.213
    9.76      32.684
    9.92      33.151
   10.08      33.617
   10.24      34.079
   10.40      34.539
   10.56      34.997
   10.73      35.452
   10.89      35.904
   11.05      36.353
   11.21      36.800
   11.37      37.245
   11.53      37.686
   11.69      38.126
   11.85      38.562
   12.01      38.996
   12.17      39.428
   12.33      39.857
   12.49      40.283
   12.65      40.707
   12.81      41.129
   12.97      41.547
   13.13      41.964
   13.29      42.377
   13.45      42.789
   13.61      43.198
   13.77      43.604
   13.93      44.007
   14.09      44.409
   14.25      44.807
   14.41      45.204
   14.57      45.597
   14.73      45.989
   14.89      46.377
   15.05      46.764
   15.21      47.147
   15.37      47.529
   15.53      47.907
   15.69      48.284
   15.85      48.658
   16.01      49.029
   16.17      49.398
   16.33      49.764
   16.49      50.128
   16.65      50.489
   16.81      50.848
   16.97      51.205
   17.13      51.559
   17.29      51.910
   17.45      52.259
   17.61      52.606
   17.77      52.950
   17.93      53.292
   18.09      53.631
   18.25      53.968
   18.41      54.302
   18.57      54.634
   18.73      54.963
   18.89      55.290
   19.05      55.614
   19.21      55.936
   19.37      56.256
   19.53      56.573
   19.69      56.887
   19.84      57.199
   20.00      57.509
   20.16      57.816
   20.32      58.121
   20.48      58.423
   20.64      58.723
   20.80      59.020
   20.96      59.315
   21.12      59.607
   21.28      59.897
   21.44      60.184
   21.60      60.469
   21.76      60.752
   21.92      61.032
   22.08      61.310
   22.24      61.585
   22.40      61.858
   22.56      62.128
   22.72      62.396
   22.88      62.661
   23.04      62.924
   23.20      63.184
   23.36      63.442
   23.52      63.698
   23.68      63.951
   23.83      64.202
   23.99      64.450
   24.15      64.695
   24.31      64.939
   24.47      65.180
   24.63      65.418
   24.79      65.654
   24.95      65.887
   25.11      66.118
   25.27      66.347
   25.43      66.573
   25.59      66.796
   25.75      67.017
   25.91      67.236
   26.07      67.452
   26.23      67.666
   26.39      67.878
   26.55      68.086
   26.71      68.293
   26.87      68.497
   27.03      68.698
   27.19      68.897
   27.35      69.094
   27.50      69.288
   27.66      69.480
   27.82      69.669
   27.98      69.856
   28.14      70.040
   28.30      70.222
   28.46      70.402
   28.62      70.579
   28.78      70.753
   28.94      70.925
   29.10      71.095
   29.26      71.262
   29.42      71.427
   29.58      71.589
   29.74      71.749
   29.90      71.906
   30.06      72.061
   30.22      72.214
   30.38      72.364
   30.54      72.511
   30.70      72.656
   30.85      72.799
   31.01      72.939
   31.17      73.077
   31.33      73.212
   31.49      73.345
   31.65      73.475
   31.81      73.603
   31.97      73.729
   32.13      73.852
   32.29      73.972
   32.45      74.090
   32.61      74.206
   32.77      74.319
   32.93      74.430
   33.09      74.538
   33.25      74.644
   33.41      74.748
   33.57      74.849
   33.73      74.947
   33.89      75.043
   34.05      75.137
   34.20      75.228
   34.36      75.316
   34.52      75.403
   34.68      75.486
   34.84      75.568
   35.00      75.647
   35.16      75.723
   35.32      75.797
   35.48      75.869
   35.64      75.938
   35.80      76.004
   35.96      76.068
   36.12      76.130
   36.28      76.189
   36.44      76.246
   36.60      76.300
   36.76      76.352
   36.92      76.402
   37.08      76.449
   37.24      76.493
   37.40      76.535
   37.55      76.575
   37.71      76.612
   37.87      76.647
   38.03      76.679
   38.19      76.709
   38.35      76.736
   38.51      76.761
   38.67      76.784
   38.83      76.804
   38.99      76.821
   39.15      76.836
   39.31      76.849
   39.47      76.859
   39.63      76.867
   39.79      76.872
   39.95      76.875
   40.11      76.876
   40.27      76.873
   40.43      76.869
   40.59      76.862
   40.74      76.853
   40.90      76.841
   41.06      76.826
   41.22      76.810
   41.38      76.790
   41.54      76.769
   41.70      76.744
   41.86      76.718
   42.02      76.689
   42.18      76.657
   42.34      76.623
   42.50      76.587
   42.66      76.548
   42.82      76.507
   42.98      76.463
   43.14      76.417
   43.30      76.368
   43.46      76.317
   43.62      76.264
   43.78      76.208
   43.93      76.149
   44.09      76.088
   44.25      76.025
   44.41      75.959
   44.57      75.891
   44.73      75.820
   44.89      75.747
   45.05      75.671
   45.21      75.593
   45.37      75.512
   45.53      75.429
   45.69      75.344
   45.85      75.256
   46.01      75.166
   46.17      75.073
   46.33      74.978
   46.49      74.880
   46.65      74.780
   46.81      74.677
   46.97      74.572
   47.12      74.465
   47.28      74.355
   47.44      74.242
   47.60      74.127
   47.76      74.010
   47.92      73.890
   48.08      73.768
   48.24      73.643
   48.40      73.516
   48.56      73.387
   48.72      73.255
   48.88      73.120
   49.04      72.983
   49.20      72.844
   49.36      72.702
   49.52      72.558
   49.68      72.411
   49.84      72.262
   50.00      72.110
   50.16      71.956
   50.31      71.799
   50.47      71.640
   50.63      71.479
   50.79      71.315
   50.95      71.149
   51.11      70.980
   51.27      70.808
   51.43      70.635
   51.59      70.459
   51.75      70.280
   51.91      70.099
   52.07      69.915
   52.23      69.729
   52.39      69.541
   52.55      69.350
   52.71      69.157
   52.87      68.961
   53.03      68.763
   53.19      68.562
   53.34      68.359
   53.50      68.153
   53.66      67.945
   53.82      67.735
   53.98      67.522
   54.14      67.306
   54.30      67.089
   54.46      66.868
   54.62      66.646
   54.78      66.420
   54.94      66.193
   55.10      65.963
   55.26      65.730
   55.42      65.495
   55.58      65.258
   55.74      65.018
   55.90      64.775
   56.06      64.531
   56.21      64.283
   56.37      64.034
   56.53      63.782
   56.69      63.527
   56.85      63.270
   57.01      63.010
   57.17      62.748
   57.33      62.484
   57.49      62.217
   57.65      61.948
   57.81      61.676
   57.97      61.402
   58.13      61.125
   58.29      60.846
   58.45      60.565
   58.61      60.281
   58.77      59.994
   58.92      59.706
   59.08      59.414
   59.24      59.120
   59.40      58.824
   59.56      58.526
   59.72      58.225
   59.88      57.921
   60.04      57.615
   60.20      57.307
   60.36      56.996
   60.52      56.682
   60.68      56.367
   60.84      56.048
   61.00      55.728
   61.16      55.405
   61.32      55.079
   61.47      54.751
   61.63      54.421
   61.79      54.088
   61.95      53.753
   62.11      53.415
   62.27      53.075
   62.43      52.732
   62.59      52.387
   62.75      52.040
   62.91      51.690
   63.07      51.337
   63.23      50.983
   63.39      50.626
   63.55      50.266
   63.70      49.904
   63.86      49.539
   64.02      49.172
   64.18      48.803
   64.34      48.431
   64.50      48.057
   64.66      47.681
   64.82      47.302
   64.98      46.920
   65.14      46.536
   65.30      46.150
   65.45      45.761
   65.61      45.370
   65.77      44.977
   65.93      44.581
   66.09      44.182
   66.25      43.782
   66.41      43.379
   66.57      42.973
   66.73      42.565
   66.89      42.155
   67.04      41.742
   67.20      41.327
   67.36      40.910
   67.52      40.490
   67.68      40.068
   67.84      39.643
   68.00      39.216
   68.16      38.787
   68.31      38.356
   68.47      37.922
   68.63      37.485
   68.79      37.047
   68.95      36.606
   69.11      36.162
   69.26      35.717
   69.42      35.269
   69.58      34.819
   69.74      34.366
   69.90      33.912
   70.06      33.455
   70.21      32.995
   70.37      32.534
   70.53      32.070
   70.69      31.604
   70.84      31.136
   71.00      30.666
   71.16      30.193
   71.32      29.718
   71.47      29.242
   71.63      28.763
   71.79      28.282
   71.95      27.798
   72.10      27.313
   72.26      26.826
   72.42      26.336
   72.57      25.845
   72.73      25.352
   72.88      24.857
   73.04      24.360
   73.20      23.860
   73.35      23.360
   73.51      22.857
   73.66      22.352
   73.82      21.846
   73.97      21.338
   74.13      20.829
   74.28      20.318
   74.43      19.805
   74.59      19.291
   74.74      18.775
   74.89      18.258
   75.05      17.740
   75.20      17.220
   75.35      16.699
   75.50      16.177
   75.65      15.654
   75.80      15.130
   75.96      14.606
   76.10      14.080
   76.25      13.554
   76.40      13.027
   76.55      12.500
   76.70      11.972
   76.85      11.444
   76.99      10.916
   77.14      10.388
   77.28       9.860
   77.43       9.332
   77.57       8.805
   77.71       8.278
   77.86       7.752
   78.00       7.226
   78.14       6.702
   78.28       6.179
   78.41       5.657
   78.55       5.137
   78.69       4.618
   78.82       4.102
   78.95       3.588
   79.09       3.075
   79.22       2.566
   79.35       2.059
   79.48       1.555
   79.60       1.054
   79.73       0.557
   79.85       0.063
   79.97      -0.427
